  40   3
1000  81  78  62  31 102  60  31  50  90  10 100  30  36  50  80  22  50  92  84  53  58  75  72  41  90  31  50  41  14  10
  94  84  36  50  22 114  20  72  89  64
  811000  50  20  90  76  22  70  75 114  72  40  53  60  36  10  70  31  41  78  30  58  14  78  41 106  50  84  72  70  91
  30  10  50  53  90  70  80  56  20  50
  78  501000  41  66  30  50  50  41  67  72  30  63  42  60  58  56  50  20  28  40  22  36  31  50  58  53  50  44  64  84
  31  42  44  28  72  36  64  10  36  14
  62  20  411000  70  70  10  50  58  98  53  44  36  41  22  22  50  14  41  66  10  42  14  64  22  92  31  67  53  50  72
  36  22  30  36  70  70  60  44  28  36
  31  90  66  701000  84  72  20  28  60  36  94  50  30  66  91  22  63  84  64  60  44  80  50  53  60  44  22  22  28  30
  91  90  41  41  10 100  14  58  90  53
 102  76  30  70  841000  80  72  56  60  97  42  91  66  90  85  80  80  36  22  70  44  63  36  80  50  81  64  64  88 108
  50  67  72  53  92  20  86  31  58  41
  60  22  50  10  72  801000  53  64 106  50  53  31  44  14  20  50  10  50  75  14  50  22  72  20 100  30  72  58  50  70
  44  28  31  42  70  80  60  53  36  44
  31  70  50  50  20  72  531000  20  63  30  75  36  10  50  72  10  44  66  53  41  28  60  41  36  60  28  22  10  20  36
  72  70  22  22  22  84  14  42  70  36
  50  75  41  58  28  56  64  201000  44  50  70  53  22  64  80  30  56  60  36  50  20  63  22  50  41  44  10  10  40  53
  70  72  36  22  36  72  31  31  70  30
  90 114  67  98  60  60 106  63  441000  91  94  97  66 108 120  72 100  85  41  92  56 100  36  94  10  88  41  53  82  90
  98 108  80  64  70  80  70  58 102  64
  10  72  72  53  36  97  50  30  50  911000  92  20  31  40  70  20  41  84  81  44  53  66  70  31  90  22  50  40  10  20
  86  75  28  44  28 108  22  66  80  58
 100  40  30  44  94  42  53  75  70  94  921000  78  67  66  50  80  58  10  53  50  50  31  60  64  84  70  80  72  86 108
  10  30  64  53  97  31  89  40  20  41
  30  53  63  36  50  91  31  36  53  97  20  781000  31  20  50  28  22  72  80  28  50  50  70  14  94  10  58  44  22  40
  70  58  20  40  44  98  36  60  64  50
  36  60  42  41  30  66  44  10  22  66  31  67  311000  42  62  14  36  58  50  31  22  50  40  28  63  22  28  14  22  42
  63  60  14  14  31  78  22  36  60  28
  50  36  60  22  66  90  14  50  64 108  40  66  20  421000  31  44  10  63  81  20  53  36  75  14 102  22  70  56  41  60
  58  42  28  44  63  92  53  60  50  50
  80  10  58  22  91  85  20  72  80 120  70  50  50  62  311000  70  30  50  86  31  64  22  84  40 112  50  89  75  70  90
  40  20  50  58  90  80  80  64  30  56
  22  70  56  50  22  80  50  10  30  72  20  80  28  14  44  701000  41  72  63  40  36  60  50  31  70  22  31  20  10  28
  76  70  20  28  20  92  10  50  72  42
  50  31  50  14  63  80  10  44  56 100  41  58  22  36  10  30  411000  53  72  10  44  28  66  10  94  20  64  50  40  60
  50  36  22  36  60  82  50  50  42  41
  92  41  20  41  84  36  50  66  60  85  84  10  72  58  63  50  72  531000  44  44  41  30  50  58  75  64  70  62  78 100
  14  31  56  44  88  30  80  30  22  31
  84  78  28  66  64  22  75  53  36  41  81  53  80  50  81  86  63  72  441000  62  30  64  14  70  31  70  42  44  72  88
  58  70  60  40  72  41  66  22  64  31
  53  30  40  10  60  70  14  41  50  92  44  50  28  31  20  31  40  10  44  621000  36  22  58  14  86  22  58  44  41  63
  42  31  20  28  60  72  50  41  36  31
  58  58  22  42  44  44  50  28  20  56  53  50  50  22  53  64  36  44  41  30  361000  44  22  41  50  40  30  22  44  64
  50  53  30  10  50  56  42  14  50  10
  75  14  36  14  80  63  22  60  63 100  66  31  50  50  36  22  60  28  30  64  22  441000  64  36  92  44  72  60  63  85
  22  10  41  41  80  60  70  42  14  36
  72  78  31  64  50  36  72  41  22  36  70  60  70  40  75  84  50  66  50  14  58  22  641000  62  28  60  28  31  60  75
  62  72  50  31  58  53  53  22  66  28
  41  41  50  22  53  80  20  36  50  94  31  64  14  28  14  40  31  10  58  70  14  41  36  621000  89  10  56  42  30  50
  56  44  14  31  50  85  41  50  50  40
  90 106  58  92  60  50 100  60  41  10  90  84  94  63 102 112  70  94  75  31  86  50  92  28  891000  85  40  50  80  90
  89 100  76  58  70  70  70  50  94  56
  31  50  53  31  44  81  30  28  44  88  22  70  10  22  22  50  22  20  64  70  22  40  44  60  10  851000  50  36  20  41
  64  53  10  30  41  89  31  50  58  41
  50  84  50  67  22  64  72  22  10  41  50  80  58  28  70  89  31  64  70  42  58  30  72  28  56  40  501000  14  41  50
  80  81  42  31  31  80  30  41  80  40
  41  72  44  53  22  64  58  10  10  53  40  72  44  14  56  75  20  50  62  44  44  22  60  31  42  50  36  141000  30  44
  70  70  28  20  28  78  22  36  70  31
  14  70  64  50  28  88  50  20  40  82  10  86  22  22  41  70  10  40  78  72  41  44  63  60  30  80  20  41  301000  22
  80  72  22  36  22 100  14  58  75  50
  10  91  84  72  30 108  70  36  53  90  20 108  40  42  60  90  28  60 100  88  63  64  85  75  50  90  41  50  44  221000
 102  94  44  56  20 120  22  78  97  70
  94  30  31  36  91  50  44  72  70  98  86  10  70  63  58  40  76  50  14  58  42  50  22  62  56  89  64  80  70  80 102
1000  20  58  50  94  41  85  41  10  40
  84  10  42  22  90  67  28  70  72 108  75  30  58  60  42  20  70  36  31  70  31  53  10  72  44 100  53  81  70  72  94
  201000  50  50  90  60  80  50  10  44
  36  50  44  30  41  72  31  22  36  80  28  64  20  14  28  50  20  22  56  60  20  30  41  50  14  76  10  42  28  22  44
  58  501000  20  40  80  30  41  53  31
  50  53  28  36  41  53  42  22  22  64  44  53  40  14  44  58  28  36  44  40  28  10  41  31  31  58  30  31  20  36  56
  50  50  201000  44  64  36  22  50  14
  22  90  72  70  10  92  70  22  36  70  28  97  44  31  63  90  20  60  88  72  60  50  80  58  50  70  41  31  28  22  20
  94  90  40  441000 106  10  64  91  58
 114  70  36  70 100  20  80  84  72  80 108  31  98  78  92  80  92  82  30  41  72  56  60  53  85  70  89  80  78 100 120
  41  60  80  64 1061000  98  42  50  50
  20  80  64  60  14  86  60  14  31  70  22  89  36  22  53  80  10  50  80  66  50  42  70  53  41  70  31  30  22  14  22
  85  80  30  36  10  981000  56  82  50
  72  56  10  44  58  31  53  42  31  58  66  40  60  36  60  64  50  50  30  22  41  14  42  22  50  50  50  41  36  58  78
  41  50  41  22  64  42  561000  44  10
  89  20  36  28  90  58  36  70  70 102  80  20  64  60  50  30  72  42  22  64  36  50  14  66  50  94  58  80  70  75  97
  10  10  53  50  91  50  82  441000  41
  64  50  14  36  53  41  44  36  30  64  58  41  50  28  50  56  42  41  31  31  31  10  36  28  40  56  41  40  31  50  70
  40  44  31  14  58  50  50  10  411000
 609
