  40   3
1000 112  50  86  82  72  70  28  75  80  10  41  60  75  53  80  50  31  84  70  53  42  94 114  97  56  72  30  89  92  44
  36  80 106 102  80 120  50  88  64  64
 1121000  75  31  60  60  70  84  50  70 106  80  72  50  66  41  64  86  50  80  66  70  30  14  41  56  44  94  40  22  72
  78  80  10  31  41  10  84  40  50  50
  50  751000  60  75  66  20  31  28  80  50  50  10  62  10  36  22  20  36  78  50  28  50  72  50  31  50  53  42  53  42
  22  31  67  56  60  84  64  70  30  41
  86  31  601000  31  30  63  58  44  41  78  50  60  20  50  36  41  62  50  50  36  44  36  40  50  31  14  64  42  22  42
  53  75  30  44  10  36  53  14  30  22
  82  60  75  311000  10  86  60  70  10  72  41  80  14  66  64  53  70  78  22  30  50  66  70  80  44  28  53  72  53  40
  60 100  60  75  22  60  36  20  50  36
  72  60  66  30  101000  78  50  64  14  62  31  72  10  58  58  44  60  72  20  20  41  63  70  75  36  22  44  66  50  30
  50  92  60  72  20  63  28  22  42  28
  70  70  20  63  86  781000  50  20  92  70  66  10  72  22  30  36  40  22  92  64  44  41  62  36  42  58  72  31  50  58
  41  14  60  44  67  80  80  76  36  50
  28  84  31  58  60  50  501000  50  60  22  22  41  50  30  53  22  14  60  53  30  14  66  86  72  28  44  22  63  64  20
  10  62  78  75  53  92  36  63  36  36
  75  50  28  44  70  64  20  501000  78  72  60  22  56  22  10  30  44  10  80  53  40  22  44  22  31  42  70  14  30  50
  41  31  41  28  50  60  72  58  22  36
  80  70  80  41  10  14  92  60  781000  70  40  86  22  72  72  58  72  86  14  31  53  75  80  89  50  36  50  80  62  41
  62 106  70  84  31  70  31  30  56  42
  10 106  50  78  72  62  70  22  72  701000  31  60  66  50  75  44  30  81  60  44  36  88 108  94  50  64  20  84  86  36
  31  80 100  97  72 112  40  80  58  56
  41  80  50  50  41  31  66  22  60  40  311000  58  36  44  60  31  36  70  31  14  22  70  84  80  30  36  14  70  62  10
  28  80  75  80  42  86  14  50  40  31
  60  72  10  60  80  72  10  41  22  86  60  581000  66  14  31  28  30  28  84  56  36  44  66  42  36  53  62  36  50  50
  31  22  62  50  62  81  72  72  31  44
  75  50  62  20  14  10  72  50  56  22  66  36  661000  53  50  41  60  64  30  22  40  53  60  67  31  14  50  58  41  31
  50  86  50  63  10  53  36  14  36  22
  53  66  10  50  66  58  22  30  22  72  50  44  14  531000  28  14  22  31  70  42  22  42  64  44  22  41  50  36  44  36
  20  36  58  50  50  75  58  60  20  31
  80  41  36  36  64  58  30  53  10  72  75  60  31  50  281000  31  50  14  75  50  41  14  36  20  30  36  70  10  20  50
  44  41  31  22  42  50  70  50  20  31
  50  64  22  41  53  44  36  22  30  58  44  31  28  41  14  311000  22  40  56  28  10  44  64  50  10  30  40  41  42  22
  14  50  56  53  40  72  44  50  14  20
  31  86  20  62  70  60  40  14  44  72  30  36  30  60  22  50  221000  53  67  41  20  64  84  66  31  50  36  58  64  31
  10  50  78  72  60  94  50  70  36  41
  84  50  36  50  78  72  22  60  10  86  81  70  28  64  31  14  40  531000  88  62  50  20  41  14  41  50  80  10  31  60
  50  30  40  22  56  60  81  64  31  44
  70  80  78  50  22  20  92  53  80  14  60  31  84  30  70  75  56  67  881000  28  50  82  90  94  50  41  40  85  70  36
  58 106  80  91  40  82  20  41  58  44
  53  66  50  36  30  20  64  30  53  31  44  14  56  22  42  50  28  41  62  281000  22  60  72  70  22  22  28  60  50  10
  31  78  63  70  28  72  20  36  31  20
  42  70  28  44  50  41  44  14  40  53  36  22  36  40  22  41  10  20  50  50  221000  53  72  60  14  31  30  50  50  14
  10  58  64  63  41  78  36  50  22  22
  94  30  50  36  66  63  41  66  22  75  88  70  44  53  42  14  44  64  20  82  60  531000  22  14  41  41  81  10  14  60
  58  50  20  10  44  40  80  50  31  40
 114  14  72  40  70  70  62  86  44  80 108  84  66  60  64  36  64  84  41  90  72  72  221000  30  58  50  97  31  22  75
  78  70  10  20  50  22  91  50  50  53
  97  41  50  50  80  75  36  72  22  89  94  80  42  67  44  20  50  66  14  94  70  60  14  301000  50  53  90  10  28  70
  63  41  31  10  58  50  90  64  40  50
  56  56  31  31  44  36  42  28  31  50  50  30  36  31  22  30  10  31  41  50  22  14  41  58  501000  20  41  40  36  20
  22  56  50  50  30  64  41  40  10  10
  72  44  50  14  28  22  58  44  42  36  64  36  53  14  41  36  30  50  50  41  22  31  41  50  53  201000  50  44  30  28
  41  72  41  50  10  50  41  20  22  10
  30  94  53  64  53  44  72  22  70  50  20  14  62  50  50  70  40  36  80  40  28  30  81  97  90  41  501000  80  75  22
  31  84  88  91  56 100  20  64  50  44
  89  40  42  42  72  66  31  63  14  80  84  70  36  58  36  10  41  58  10  85  60  50  10  31  10  40  44  801000  22  60
  53  40  30  14  50  50  80  56  30  41
  92  22  53  22  53  50  50  64  30  62  86  62  50  41  44  20  42  64  31  70  50  50  14  22  28  36  30  75  221000  53
  56  60  14  22  31  31  70  36  28  31
  44  72  42  42  40  30  58  20  50  41  36  10  50  31  36  50  22  31  60  36  10  14  60  75  70  20  28  22  60  531000
  22  72  66  70  36  78  22  44  30  22
  36  78  22  53  60  50  41  10  41  62  31  28  31  50  20  44  14  10  50  58  31  10  58  78  63  22  41  31  53  56  22
1000  53  70  66  50  86  42  60  28  31
  80  80  31  75 100  92  14  62  31 106  80  80  22  86  36  41  50  50  30 106  78  58  50  70  41  56  72  84  40  60  72
  531000  70  50  80  90  94  89  50  64
 106  10  67  30  60  60  60  78  41  70 100  75  62  50  58  31  56  78  40  80  63  64  20  10  31  50  41  88  30  14  66
  70  701000  22  40  20  82  41  42  44
 102  31  56  44  75  72  44  75  28  84  97  80  50  63  50  22  53  72  22  91  70  63  10  20  10  50  50  91  14  22  70
  66  50  221000  53  41  90  58  41  50
  80  41  60  10  22  20  67  53  50  31  72  42  62  10  50  42  40  60  56  40  28  41  44  50  58  30  10  56  50  31  36
  50  80  40  531000  44  44  10  31  20
 120  10  84  36  60  63  80  92  60  70 112  86  81  53  75  50  72  94  60  82  72  78  40  22  50  64  50 100  50  31  78
  86  90  20  41  441000  88  41  58  56
  50  84  64  53  36  28  80  36  72  31  40  14  72  36  58  70  44  50  81  20  20  36  80  91  90  41  41  20  80  70  22
  42  94  82  90  44  881000  50  50  40
  88  40  70  14  20  22  76  63  58  30  80  50  72  14  60  50  50  70  64  41  36  50  50  50  64  40  20  64  56  36  44
  60  89  41  58  10  41  501000  41  30
  64  50  30  30  50  42  36  36  22  56  58  40  31  36  20  20  14  36  31  58  31  22  31  50  40  10  22  50  30  28  30
  28  50  42  41  31  58  50  411000  14
  64  50  41  22  36  28  50  36  36  42  56  31  44  22  31  31  20  41  44  44  20  22  40  53  50  10  10  44  41  31  22
  31  64  44  50  20  56  40  30  141000
 554
