  40   3
1000  44  84  10  64  50  50  10  70  92  50  36  30  86  72  44  50  28  66  62  20  53  31  30  22  28  42  60  41  53  78
  75  31  40  50  56  72  22  66  58  28
  441000  81  50  60  75  60  53  31  84  86  78  41  75  50  84  31  60  80  44  28  10  70  64  36  72  14  36  30  92  72
  58  31  20  10  60  30  50  53  70  44
  84  811000  78  22  50  36  92  70  10  70  84 108  14  41  81  50 112  30  40  72  80  75  67  64  89  94  50  53  80  10
  31  58  63  91  28  80  64  30  31  56
  10  50  781000  58  41  42  14  72  86  41  28  40  80  70  36  50  36  58  60  22  58  22  20  20  22  50  60  40  44  72
  72  30  41  56  50  75  14  63  50  22
  64  60  22  581000  41  20  72  53  28  60  70  86  22  28  70  30  92  28  22  50  60  60  50  42  72  72  31  31  70  14
  22  36  41  70  10  62  44  14  22  36
  50  75  50  41  411000  22  53  84  60  20  36  80  60  66  31  56  75  22  58  50  80  28  22  41  42  81  64  50  30  50
  62  44  58  84  31  92  30  53  20  31
  50  60  36  42  20  221000  56  64  44  41  50  75  41  44  50  36  78  20  36  41  62  41  31  31  53  70  42  31  50  31
  41  30  41  70  10  72  28  31  10  22
  10  53  92  14  72  53  561000  80 100  50  31  31  94  81  41  60  22  72  72  30  63  30  31  31  22  50  70  50  50  86
  84  41  50  58  64  82  28  75  64  36
  70  31  70  72  53  84  64  801000  70 100  97  72  60  30 102  28  90  80  31  50  22  88  80  53  94  44  22  36 108  60
  40  44  31  36  58  10  66  41  72  58
  92  84  10  86  28  60  44 100  701000  80  94 114  10  40  91  53 120  40  41  78  81  85  75  70  97  97  50  58  90  14
  30  64  67  94  36  80  72  31  41  64
  50  86  70  41  60  20  41  50 100  801000  22  80  80  85  14  72  70  41  76  58  92  20  22  50  31  89  80  64  10  70
  81  56  70  94  50 106  36  72  40  42
  36  78  84  28  70  36  50  31  97  94  221000  62  91  90  10  72  50  58  80  50  86  10  20  44  10  78  81  62  20  81
  90  53  66  84  60 102  31  80  53  41
  30  41 108  40  86  80  75  31  72 114  80  621000 106  86  72  64  22  94  78  36  50  60  60  44  53  30  72  56  81 100
  92  50  50  40  80  70  50  84  84  53
  86  75  14  80  22  60  41  94  60  10  80  91 1061000  30  90  44 114  41  31  70  72  81  72  64  94  88  41  50  90  10
  20  56  58  84  31  70  66  22  40  58
  72  50  41  70  28  66  44  81  30  40  85  90  86  301000  92  22  97  56  10  53  44  80  70  50  90  64  14  31  94  31
  10  41  36  58  36  40  60  14  50  50
  44  84  81  36  70  31  50  41 102  91  14  10  72  90  921000  75  60  53  82  56  92  14  22  50  20  86  85  66  10  80
  90  58  72  92  60 108  36  80  50  44
  50  31  50  50  30  56  36  60  28  53  72  72  64  44  22  751000  75  53  14  31  30  62  53  30  70  44  10  10  80  41
  28  20  14  41  31  36  41  22  44  31
  28  60 112  36  92  75  78  22  90 120  70  50  22 114  97  60  751000  94  88  44  70  50  53  50  40  50  85  66  70 106
 102  58  63  60  84  90  50  94  86  56
  66  80  30  58  28  22  20  72  80  40  41  58  94  41  56  53  53  941000  50  60  81  50  42  50  64  90  58  50  50  31
  50  50  60  90  22  89  44  42  10  41
  62  44  40  60  22  58  36  72  31  41  76  80  78  31  10  82  14  88  501000  44  41  70  60  41  80  58  10  22  85  30
  14  31  28  53  28  41  50  10  42  40
  20  28  72  22  50  50  41  30  50  78  58  50  36  70  53  56  31  44  60  441000  36  42  36  10  44  31  41  22  64  64
  58  14  20  36  44  53  22  50  50  20
  53  10  80  58  60  80  62  63  22  81  92  86  50  72  44  92  30  70  81  41  361000  78  70  42  80  22  31  31  98  70
  53  36  22  14  60  20  56  50  72  50
  31  70  75  22  60  28  41  30  88  85  20  10  60  81  80  14  62  50  50  70  42  781000  10  36  14  72  72  53  22  72
  80  44  58  78  50  94  22  70  44  31
  30  64  67  20  50  22  31  31  80  75  22  20  60  72  70  22  53  53  42  60  36  70  101000  28  22  67  63  44  28  62
  70  36  50  72  41  86  14  60  36  22
  22  36  64  20  42  41  31  31  53  70  50  44  44  64  50  50  30  50  50  41  10  42  36  281000  41  41  40  20  56  56
  53  10  22  44  36  58  14  44  41  10
  28  72  89  22  72  42  53  22  94  97  31  10  53  94  90  20  70  40  64  80  44  80  14  22  411000  70  80  60  30  84
  90  50  63  78  63  97  30  80  58  40
  42  14  94  50  72  81  70  50  44  97  89  78  30  88  64  86  44  50  90  58  31  22  72  67  41  701000  50  41  94  84
  72  40  31  10  70  41  53  66  80  50
  60  36  50  60  31  64  42  70  22  50  80  81  72  41  14  85  10  85  58  10  41  31  72  63  40  80  501000  20  89  40
  22  30  22  44  36  31  50  20  50  41
  41  30  53  40  31  50  31  50  36  58  64  62  56  50  31  66  10  66  50  22  22  31  53  44  20  60  41  201000  72  44
  36  10  10  40  30  42  31  28  41  22
  53  92  80  44  70  30  50  50 108  90  10  20  81  90  94  10  80  70  50  85  64  98  22  28  56  30  94  89  721000  80
  91  64  78 100  60 114  42  81  50  50
  78  72  10  72  14  50  31  86  60  14  70  81 100  10  31  80  41 106  31  30  64  70  72  62  56  84  84  40  44  801000
  22  50  53  82  22  70  58  20  30  50
  75  58  31  72  22  62  41  84  40  30  81  90  92  20  10  90  28 102  50  14  58  53  80  70  53  90  72  22  36  91  22
1000  44  42  66  31  50  60  10  44  50
  31  31  58  30  36  44  30  41  44  64  56  53  50  56  41  58  20  58  50  31  14  36  44  36  10  50  40  30  10  64  50
  441000  14  41  31  50  22  36  40  14
  40  20  63  41  41  58  41  50  31  67  70  66  50  58  36  72  14  63  60  28  20  22  58  50  22  63  31  22  10  78  53
  42  141000  30  40  36  36  36  50  28
  50  10  91  56  70  84  70  58  36  94  94  84  40  84  58  92  41  60  90  53  36  14  78  72  44  78  10  44  40 100  82
  66  41  301000  70  31  58  63  80  53
  56  60  28  50  10  31  10  64  58  36  50  60  80  31  36  60  31  84  22  28  44  60  50  41  36  63  70  36  30  60  22
  31  31  40  701000  67  36  22  14  28
  72  30  80  75  62  92  72  82  10  80 106 102  70  70  40 108  36  90  89  41  53  20  94  86  58  97  41  31  42 114  70
  50  50  36  31  671000  72  50  80  64
  22  50  64  14  44  30  28  28  66  72  36  31  50  66  60  36  41  50  44  50  22  56  22  14  14  30  53  50  31  42  58
  60  22  36  58  36  721000  50  36  10
  66  53  30  63  14  53  31  75  41  31  72  80  84  22  14  80  22  94  42  10  50  50  70  60  44  80  66  20  28  81  20
  10  36  36  63  22  50  501000  36  41
  58  70  31  50  22  20  10  64  72  41  40  53  84  40  50  50  44  86  10  42  50  72  44  36  41  58  80  50  41  50  30
  44  40  50  80  14  80  36  361000  31
  28  44  56  22  36  31  22  36  58  64  42  41  53  58  50  44  31  56  41  40  20  50  31  22  10  40  50  41  22  50  50
  50  14  28  53  28  64  10  41  311000
 590
