  40   3
1000  92  41  28  86  70  14  70  98  44  22  92  50  70  78  30  14  22  60  40  50  31  80  50  56  14  50  50  70  44  70
  58  30  84  40  53  84  89  22  28  36
  921000  82  94  22  70  94  60  10  53  70  14  44  80  20  72  92 112  60  66  63  80  70  60  36 106  42  80  50  85  60
  41  75  31  72  44  10  22  88  64  56
  41  821000  67  66  94  30  88  85  30  42  75  40  30  63  56  53  60  80  64  72  64 102  22  50  50  50  10  85  78  36
  41  14  90  10  63  72  90  20  36  44
  28  94  671000  94  50  42  53 102  60  30  97  60  94  84  22  14  30  44  28  36  14  60  70  63  31  53  75  58  20  90
  70  53  78  63  50  89  84  50  40  41
  86  22  66  941000  82  84  72  20  42  67  10  36  60  10  72  89 108  70  70  70  81  85  44  31 100  41  63  63  90  40
  28  64  50  58  50  14  42  78  58  53
  70  70  94  50  821000  81  10  80  70  53  80  64 112  72  41  60  80  14  31  22  40  10  84  58  80  50 100  20  31 100
  72  80  41  86  36  70  50  84  58  50
  14  94  30  42  84  811000  80 100  42  30  92  50  60  78  41  28  30  70  50  60  44  91  44  58  20  53  40  80  58  62
  56  22  91  31  60  86  94  10  31  41
  70  60  88  53  72  10  801000  70  64  50  70  56 106  63  40  60  82  10  30  20  41  14  78  50  80  42  94  10  36  92
  64  75  31  80  28  60  41  81  53  44
  98  10  85 102  20  80 100  701000  58  78  10  50  80  22  80 100 120  70  75  72  89  80  63  42 112  50  82  60  94  60
  44  80  41  75  53  14  31  94  70  64
  44  53  30  60  42  70  42  64  581000  30  50  10  42  36  41  50  66  56  44  50  50  78  14  20  58  22  31  58  63  31
  14  22  60  20  36  44  60  36  20  22
  22  70  42  30  67  53  30  50  78  301000  72  31  67  58  14  22  42  41  22  31  22  62  41  36  36  28  50  50  36  60
  41  28  62  36  31  64  67  31  10  14
  92  14  75  97  10  80  92  70  10  50  721000  42  70  14  75  94 114  70  72  70  85  82  53  36 106  44  72  60  91  50
  36  72  44  67  50  10  36  86  64  58
  50  44  40  60  36  64  50  56  50  10  31  421000  50  28  40  53  72  50  41  44  50  70  22  10  64  14  41  50  60  36
  10  31  50  30  28  36  50  44  22  20
  70  80  30  94  60 112  60 106  80  42  67  70  501000  60  80  81  90  98  86  92  89 120  28  58  80  64  20 100 102  20
  44  41  97  31  78  70  94  50  58  64
  78  20  63  84  10  72  78  63  22  36  58  14  28  601000  62  80 100  60  60  60  72  75  41  22  92  31  60  53  80  41
  22  58  42  53  40  10  36  72  50  44
  30  72  56  22  72  41  41  40  80  41  14  75  40  80  621000  22  44  30  10  20  10  50  53  41  41  31  64  41  22  72
  50  42  58  50  28  67  64  44  22  20
  14  92  53  14  89  60  28  60 100  50  22  94  53  81  80  221000  22  50  31  41  20  70  60  58  20  50  63  62  31  80
  62  41  80  50  50  86  86  36  31  36
  22 112  60  30 108  80  30  82 120  66  42 114  72  90 100  44  221000  72  53  63  41  90  72  78  10  70  70  84  50  91
  80  50 102  60  72 106 108  40  50  56
  60  60  80  44  70  14  70  10  70  56  41  70  50  98  60  30  50  721000  20  10  31  22  70  44  70  36  86  14  28  86
  58  66  36  72  22  60  44  72  44  36
  40  66  64  28  70  31  50  30  75  44  22  72  41  86  60  10  31  53  201000  10  14  41  58  40  50  30  70  31  20  75
  50  50  50  56  22  63  56  53  28  22
  50  63  72  36  70  22  60  20  72  50  31  70  44  92  60  20  41  63  10  101000  22  31  64  41  60  31  78  22  22  80
  53  58  42  64  20  60  50  62  36  28
  31  80  64  14  81  40  44  41  89  50  22  85  50  89  72  10  20  41  31  14  221000  50  62  50  40  41  72  44  14  81
  60  50  64  58  36  76  70  50  31  30
  80  70 102  60  85  10  91  14  80  78  62  82  70 120  75  50  70  90  22  41  31  501000  92  64  90  56 108  22  41 106
  78  88  40  94  42  72  50  93  66  58
  50  60  22  70  44  84  44  78  63  14  41  53  22  28  41  53  60  72  70  58  64  62  921000  31  63  36  20  72  75  20
  20  22  72  14  50  50  70  36  31  36
  56  36  50  63  31  58  58  50  42  20  36  36  10  58  22  41  58  78  44  40  41  50  64  311000  70  10  50  42  60  42
  14  41  41  40  22  28  40  53  28  22
  14 106  50  31 100  80  20  80 112  58  36 106  64  80  92  41  20  10  70  50  60  40  90  63  701000  64  60  81  50  81
  72  41  98  50  67  98 102  30  42  50
  50  42  50  53  41  50  53  42  50  22  28  44  14  64  31  31  50  70  36  30  31  41  56  36  10  641000  53  36  50  50
  22  40  40  41  14  36  41  50  22  14
  50  80  10  75  63 100  40  94  82  31  50  72  41  20  60  64  63  70  86  70  78  72 108  20  50  60  531000  89  86  28
  40  22  91  14  67  70  90  30  42  50
  70  50  85  58  63  20  80  10  60  58  50  60  50 100  53  41  62  84  14  31  22  44  22  72  42  81  36  891000  42  84
  56  72  22  75  22  50  31  80  50  41
  44  85  78  20  90  31  58  36  94  63  36  91  60 102  80  22  31  50  28  20  22  14  41  75  60  50  50  86  421000  94
  70  64  64  72  41  82  72  64  44  41
  70  60  36  90  40 100  62  92  60  31  60  50  36  20  41  72  80  91  86  75  80  81 106  20  42  81  50  28  84  941000
  28  41  80  31  64  50  76  53  50  53
  58  41  41  70  28  72  56  64  44  14  41  36  10  44  22  50  62  80  58  50  53  60  78  20  14  72  22  40  56  70  28
1000  36  53  31  36  31  50  50  31  30
  30  75  14  53  64  80  22  75  80  22  28  72  31  41  58  42  41  50  66  50  58  50  88  22  41  41  40  22  72  64  41
  361000  80  10  50  66  80  14  22  31
  84  31  90  78  50  41  91  31  41  60  62  44  50  97  42  58  80 102  36  50  42  64  40  72  41  98  40  91  22  64  80
  53  801000  80  31  36  10  90  60  50
  40  72  10  63  58  86  31  80  75  20  36  67  30  31  53  50  50  60  72  56  64  58  94  14  40  50  41  14  75  72  31
  31  10  801000  53  62  80  22  28  36
  53  44  63  50  50  36  60  28  53  36  31  50  28  78  40  28  50  72  22  22  20  36  42  50  22  67  14  67  22  41  64
  36  50  31  531000  41  36  60  30  20
  84  10  72  89  14  70  86  60  14  44  64  10  36  70  10  67  86 106  60  63  60  76  72  50  28  98  36  70  50  82  50
  31  66  36  62  411000  28  80  56  50
  89  22  90  84  42  50  94  41  31  60  67  36  50  94  36  64  86 108  44  56  50  70  50  70  40 102  41  90  31  72  76
  50  80  10  80  36  281000  91  63  53
  22  88  20  50  78  84  10  81  94  36  31  86  44  50  72  44  36  40  72  53  62  50  93  36  53  30  50  30  80  64  53
  50  14  90  22  60  80  911000  30  40
  28  64  36  40  58  58  31  53  70  20  10  64  22  58  50  22  31  50  44  28  36  31  66  31  28  42  22  42  50  44  50
  31  22  60  28  30  56  63  301000  10
  36  56  44  41  53  50  41  44  64  22  14  58  20  64  44  20  36  56  36  22  28  30  58  36  22  50  14  50  41  41  53
  30  31  50  36  20  50  53  40  101000
 611
