  40   3
1000  56  78  70  72  92  53  66  53  30  63  14  53  31  75  41  31  80  84  22  14  80  22  94  42  10  50  50  70  60  44
  80  66  20  28  81  20  10  36  36  60
  561000  22  42  66  36  22  22  22  80  28  58  60  50  31  50  86  56  28  78  58  64  36  41  70  50  10  31  50  44  20
  50  22  44  28  72  72  64  22  22  53
  78  221000  53  81  20  40  31  31 102  41  80  80  72  36  62 108  67  10 100  78  75  56  31  91  70  31  41  62  60  41
  58  20  64  50  84  94  84  44  42  60
  70  42  531000  30  50  22  22  64  80  14  63  36  44  20  84  88  14  50  85  80  22  60  41  56  70  36  72  10  14  31
  10  64  70  50  31  75  80  41  53  94
  72  66  81  301000  80  44  50  86  70  41  60  20  41  50 100  80  22  80  80  85  14  72  70  41  76  58  92  20  22  50
  31  88  80  64  10  70  82  56  70 113
  92  36  20  50  801000  44  31  50 114  41  92  81  80  30  81 120  60  10 112  94  70  72  14  97  86  42  60  60  60  50
  50  40  80  64  80 106 100  56  58  80
  53  22  40  22  44  441000  14  42  70  10  50  40  36  22  62  78  36  41  72  60  42  40  42  53  50  14  50  28  22  10
  31  44  50  30  50  64  63  20  31  72
  66  22  31  22  50  31  141000  44  84  10  64  50  50  10  70  92  36  30  86  72  44  50  28  67  62  20  53  31  30  22
  28  42  60  41  53  78  75  31  40  76
  53  22  31  64  86  50  42  441000  81  50  60  75  60  53  31  84  78  41  75  50  84  31  60  80  44  28  10  70  64  36
  72  14  36  30  92  72  58  31  20  31
  30  80 102  80  70 114  70  84  811000  78  22  50  36  92  70  10  85 108  14  41  81  50 112  30  40  72  80  76  67  64
  89  94  50  53  80  10  31  58  63  90
  63  28  41  14  41  41  10  10  50  781000  58  41  42  14  72  86  28  40  80  70  36  50  36  58  60  22  58  22  20  20
  22  50  60  40  44  72  72  30  41  80
  14  58  80  63  60  92  50  64  60  22  581000  41  20  72  53  28  70  86  22  28  70  30  92  28  22  50  60  60  50  42
  72  72  31  31  70  14  22  36  41  72
  53  60  80  36  20  81  40  50  75  50  41  411000  22  53  84  60  36  80  60  66  31  56  75  22  58  50  80  28  22  41
  42  81  64  50  30  50  63  44  58 100
  31  50  72  44  41  80  36  50  60  36  42  20  221000  56  64  44  50  75  41  44  50  36  78  20  36  41  62  41  31  31
  53  70  42  31  50  31  41  30  41  80
  75  31  36  20  50  30  22  10  53  92  14  72  53  561000  80 100  31  31  94  81  41  60  22  72  72  30  62  30  31  31
  22  50  70  50  50  86  84  41  50  85
  41  50  62  84 100  81  62  70  31  70  72  53  84  64  801000  70  97  72  60  30 102  28  90  80  31  50  22  88  80  53
  93  44  22  36 108  60  40  44  31  20
  31  86 108  88  80 120  78  92  84  10  86  28  60  44 100  701000  94 114  10  40  91  53 120  40  41  78  81  85  75  70
  97  97  50  58  90  14  30  64  67  90
  80  56  67  14  22  60  36  36  78  85  28  70  36  50  31  97  941000  62  91  90  10  72  50  58  80  50  86  10  20  44
  10  78  82  63  20  81  90  53  66 108
  84  28  10  50  80  10  41  30  41 108  40  86  80  75  31  72 114  621000 106  86  72  64  22  94  78  36  50  60  60  44
  53  30  72  56  81 100  92  50  50  70
  22  78 100  85  80 112  72  86  75  14  80  22  60  41  94  60  10  91 1061000  30  90  44 114  41  31  70  72  82  72  64
  94  88  41  50  90  10  20  56  58  80
  14  58  78  80  85  94  60  72  50  41  70  28  66  44  81  30  40  90  86  301000  92  22  97  56  10  53  44  80  70  50
  90  64  14  31  94  31  10  41  36  50
  80  64  75  22  14  70  42  44  84  81  36  70  31  50  41 102  91  10  72  90  921000  75  60  53  82  56  92  14  22  50
  20  86  85  66  10  80  90  58  72 114
  22  36  56  60  72  72  40  50  31  50  50  30  56  36  60  28  53  72  64  44  22  751000  75  53  14  31  30  63  53  30
  70  44  10  10  80  41  28  20  14  44
  94  41  31  41  70  14  42  28  60 112  36  92  75  78  22  90 120  50  22 114  97  60  751000  94  88  44  70  50  53  50
  40  50  85  66  70 106 102  58  63  90
  42  70  91  56  41  97  53  67  80  30  58  28  22  20  72  80  40  58  94  41  56  53  53  941000  50  60  81  50  42  50
  64  90  58  50  50  31  50  50  60  98
  10  50  70  70  76  86  50  62  44  40  60  22  58  36  72  31  41  80  78  31  10  82  14  88  501000  44  41  70  60  41
  80  58  10  22  85  30  14  31  28  50
  50  10  31  36  58  42  14  20  28  72  22  50  50  41  30  50  78  50  36  70  53  56  31  44  60  441000  36  42  36  10
  44  31  41  22  64  64  58  14  20  58
  50  31  41  72  92  60  50  53  10  80  58  60  80  62  62  22  81  86  50  72  44  92  30  70  81  41  361000  78  70  42
  80  22  31  31  98  70  53  36  22  22
  70  50  62  10  20  60  28  31  70  76  22  60  28  41  30  88  85  10  60  82  80  14  63  50  50  70  42  781000  10  36
  14  72  72  53  22  72  80  44  58 100
  60  44  60  14  22  60  22  30  64  67  20  50  22  31  31  80  75  20  60  72  70  22  53  53  42  60  36  70  101000  28
  22  66  63  44  28  62  70  36  50  92
  44  20  41  31  50  50  10  22  36  64  20  42  41  31  31  53  70  44  44  64  50  50  30  50  50  41  10  42  36  281000
  41  41  40  20  56  56  53  10  22  64
  80  50  58  10  31  50  31  28  72  89  22  72  42  53  22  93  97  10  53  94  90  20  70  40  64  80  44  80  14  22  41
1000  70  80  60  30  84  90  50  62 102
  66  22  20  64  88  40  44  42  14  94  50  72  81  70  50  44  97  78  30  88  64  86  44  50  90  58  31  22  72  66  41
  701000  50  41  94  84  72  40  31  40
  20  44  64  70  80  80  50  60  36  50  60  31  64  42  70  22  50  82  72  41  14  85  10  85  58  10  41  31  72  63  40
  80  501000  20  89  40  22  30  22  41
  28  28  50  50  64  64  30  41  30  53  40  31  50  31  50  36  58  63  56  50  31  66  10  66  50  22  22  31  53  44  20
  60  41  201000  72  44  36  10  10  50
  81  72  84  31  10  80  50  53  92  80  44  70  30  50  50 108  90  20  81  90  94  10  80  70  50  85  64  98  22  28  56
  30  94  89  721000  80  91  64  78 120
  20  72  94  75  70 106  64  78  72  10  72  14  50  31  86  60  14  81 100  10  31  80  41 106  31  30  64  70  72  62  56
  84  84  40  44  801000  22  50  53  80
  10  64  84  80  82 100  63  75  58  31  72  22  63  41  84  40  30  90  92  20  10  90  28 102  50  14  58  53  80  70  53
  90  72  22  36  91  221000  44  42  60
  36  22  44  41  56  56  20  31  31  58  30  36  44  30  41  44  64  53  50  56  41  58  20  58  50  31  14  36  44  36  10
  50  40  30  10  64  50  441000  14  56
  36  22  42  53  70  58  31  40  20  63  41  41  58  41  50  31  67  66  50  58  36  72  14  63  60  28  20  22  58  50  22
  62  31  22  10  78  53  42  141000  42
  60  53  60  94 113  80  72  76  31  90  80  72 100  80  85  20  90 108  70  80  50 114  44  90  98  50  58  22 100  92  64
 102  40  41  50 120  80  60  56  421000
 833
