  40   3
1000  70  50  31  53  58  66  63  80  90  66  70  84  72  20  28  60  36  94  50  30  91  22  84  64  60  44  80  53  60  44
  22  22  28  91  90  41  41  10 100  30
  701000  56  67  28  36  31  22  14  22  31  10  60  20  50  53  92  58  36  42  40  28  50  31  58  14  36  10  28  84  36
  62  50  53  28  20  31  31  70  60  76
  50  561000  72  28  22  75  66  58  78  31  64  36  72  41  22  36  70  60  70  40  84  50  50  14  58  22  64  62  28  60
  28  31  60  62  72  50  31  58  53  76
  31  67  721000  64  72  50  50  80  81  78  62 102  60  31  50  90  10 100  30  36  80  22  92  84  53  58  75  41  90  31
  50  41  14  94  84  36  50  22 114  10
  53  28  28  641000  10  50  41  31  50  14  36  41  44  36  30  64  58  41  50  28  56  42  31  31  31  10  36  40  56  41
  40  31  50  40  44  31  14  58  50  70
  58  36  22  72  101000  60  50  36  56  10  44  31  53  42  31  58  66  40  60  36  64  50  30  22  41  14  42  50  50  50
  41  36  58  41  50  41  22  64  42  78
  67  31  76  50  50  601000  10  44  36  60  22  90  14  50  64 108  40  66  20  42  31  44  62  81  20  53  36  14 102  22
  70  56  41  58  42  28  44  63  91  60
  63  22  67  50  41  50  101000  36  31  50  14  80  10  44  56 100  41  58  22  36  30  41  53  72  10  44  28  10  94  20
  64  50  40  50  36  22  36  60  82  60
  80  14  58  80  31  36  44  361000  22  28  22  53  31  60  60  94  72  22  56  50  31  63  20  56  28  41  10  42  86  50
  70  60  66  14  14  44  40  81  50  89
  90  22  78  82  50  56  36  31  221000  50  20  75  22  70  75 114  72  40  53  60  10  70  41  78  30  58  14  41 106  50
  84  72  70  30  10  50  53  90  70  92
  67  31  31  78  14  10  60  50  28  501000  41  30  50  50  41  67  72  30  63  42  58  56  20  28  40  22  36  50  58  53
  50  44  64  31  42  44  28  72  36  84
  70  10  64  63  36  44  22  14  22  20  411000  70  10  50  58  98  53  44  36  41  22  50  41  66  10  42  14  22  92  31
  67  53  50  36  22  30  36  70  70  72
  84  60  36 102  41  31  90  80  53  76  30  701000  80  72  56  60  97  42  91  66  84  80  36  22  70  44  63  80  50  81
  64  64  88  50  67  72  53  92  20 108
  72  20  72  60  44  53  14  10  31  22  50  10  801000  53  64 106  50  53  31  44  20  50  50  75  14  50  22  20 100  30
  72  58  50  44  28  31  42  70  80  70
  20  50  41  31  36  42  50  44  60  70  50  50  72  531000  20  63  30  75  36  10  72  10  66  53  41  28  60  36  60  28
  22  10  20  72  70  22  22  22  84  36
  28  53  22  50  30  31  64  56  60  76  41  58  56  64  201000  44  50  70  53  22  80  30  60  36  50  20  63  50  41  44
  10  10  40  70  72  36  22  36  72  53
  60  92  36  90  64  58 108 100  94 114  67  98  60 106  63  441000  91  94  97  66 120  72  85  41  92  56 100  94  10  88
  41  53  82  98 108  80  64  70  80  90
  36  58  70  10  58  67  40  41  72  72  72  53  98  50  30  50  921000  92  20  31  70  20  84  81  44  53  66  31  90  22
  50  40  10  86  75  28  44  28 108  20
  94  36  60 100  41  40  67  58  22  40  30  44  42  53  76  70  94  921000  78  67  50  80  10  53  50  50  31  64  84  70
  80  72  86  10  30  64  53  97  31 108
  50  42  70  30  50  60  20  22  56  53  63  36  92  31  36  53  98  20  781000  31  50  28  72  80  28  50  50  14  94  10
  58  44  22  70  58  20  40  44  98  40
  30  40  40  36  28  36  42  36  50  60  42  41  67  44  10  22  67  31  67  311000  62  14  58  50  31  22  50  28  63  22
  28  14  22  63  60  14  14  31  78  42
  92  28  84  80  56  64  31  30  31  10  58  22  85  20  72  80 120  70  50  50  631000  70  50  86  31  64  22  40 112  50
  89  75  70  40  20  50  58  90  80  90
  22  50  50  22  42  50  44  41  63  70  56  50  80  50  10  30  72  20  80  28  14  701000  72  63  40  36  60  31  70  22
  31  20  10  76  70  20  28  20  92  28
  85  31  50  92  31  30  63  53  20  41  20  41  36  50  67  60  85  84  10  72  58  50  721000  44  44  41  30  58  75  64
  70  62  78  14  31  56  44  88  30 100
  64  58  14  85  31  22  82  72  56  78  28  67  22  76  53  36  41  82  53  80  50  86  63  441000  62  30  64  70  31  70
  42  44  72  58  70  60  40  72  41  89
  60  14  58  53  31  41  20  10  28  30  40  10  70  14  41  50  92  44  50  28  31  31  40  44  631000  36  22  14  86  22
  58  44  41  42  31  20  28  60  72  63
  44  36  22  58  10  14  53  44  41  58  22  42  44  50  28  20  56  53  50  50  22  64  36  41  30  361000  44  41  50  40
  30  22  44  50  53  30  10  50  56  64
  80  10  64  76  36  42  36  28  10  14  36  14  63  22  60  63 100  67  31  50  50  22  60  30  64  22  441000  36  92  44
  72  60  63  22  10  41  41  80  60  85
  53  28  63  41  40  50  14  10  42  41  50  22  80  20  36  50  94  31  64  14  28  40  31  58  70  14  41  361000  89  10
  56  42  30  56  44  14  31  50  85  50
  60  84  28  90  56  50 102  94  86 106  58  92  50 100  60  41  10  90  85  94  63 113  70  76  31  86  50  92  891000  85
  40  50  80  89 100  76  58  70  70  90
  44  36  60  31  41  50  22  20  50  50  53  31  82  30  28  44  89  22  70  10  22  50  22  64  70  22  40  44  10  851000
  50  36  20  64  53  10  30  41  89  41
  22  63  28  50  40  41  70  64  70  85  50  67  64  72  22  10  41  50  80  58  28  89  31  70  42  58  30  72  56  40  50
1000  14  41  80  81  42  31  31  80  50
  22  50  31  41  31  36  56  50  60  72  44  53  64  58  10  10  53  40  72  44  14  76  20  63  44  44  22  60  42  50  36
  141000  30  70  70  28  20  28  78  44
  28  53  60  14  50  58  41  40  67  70  64  50  89  50  20  40  82  10  86  22  22  70  10  78  72  41  44  63  30  80  20
  41  301000  80  72  22  36  22 100  22
  92  28  63  94  40  41  58  50  14  30  31  36  50  44  72  70  98  86  10  70  63  40  76  14  58  42  50  22  56  89  64
  80  70  801000  20  58  50  94  41 102
  90  20  72  85  44  50  42  36  14  10  42  22  67  28  70  72 108  76  30  58  60  20  70  31  70  31  53  10  44 100  53
  82  70  72  201000  50  50  90  60  94
  41  31  50  36  31  41  28  22  44  50  44  30  72  31  22  36  80  28  64  20  14  50  20  56  60  20  30  41  14  76  10
  42  28  22  58  501000  20  40  80  44
  41  31  31  50  14  22  44  36  40  53  28  36  53  42  22  22  64  44  53  40  14  58  28  44  40  28  10  41  31  58  30
  31  20  36  50  50  201000  44  64  56
  10  70  58  22  58  64  63  60  82  90  72  70  92  70  22  36  70  28  98  44  31  90  20  89  72  60  50  80  50  70  41
  31  28  22  94  90  40  441000 106  20
 100  60  53 114  50  42  92  82  50  70  36  70  20  80  84  72  80 108  31  98  78  80  92  30  41  72  56  60  85  70  89
  80  78 100  41  60  80  64 1061000 120
  30  76  76  10  70  78  60  60  89  92  84  72 108  70  36  53  90  20 108  40  42  90  28 100  89  63  64  85  50  90  41
  50  44  22 102  94  44  56  20 1201000
 781
