  40   3
1000  41 106  31  80  22  63  22  81  72  70  90  36  22  50  28  85  98  67  70  94  72  86  14 108  56  89  50  66  20  78
  60  92 100  30  60  14  36  80  10 114
  411000  76  53  75  60  53  20  92  50  30  89  14  50  14  60  70  67  50  31  80  84  50  30  81  30  70  10  28  22  50
  22  58  72  14  58  50  63  42  40  85
 106  761000  94  60 114  53  86  90  36  70  70  72 100  81 108  40  10  44  80  41  90  30  92  14  50  30  72  50  94  28
  80  20  10  89  63 106 102  40  98  10
  31  53  941000  53  22  42  36  50  58  82  60  41  10  67  14  64  89  50  84  72  41  81  28  92  50  70  63  70  42  67
  75  85  86  50  36  20  10  80  22 100
  80  75  60  531000  75  22  70  30  36  92  14  63  63  89  67  20  60  28 100  22  31  66  70  50  50  30  80  70  80  44
  94  63  50  82  20  72  58  72  70  60
  22  60 114  22  751000  64  40  70  78  90  82  50  14  70  10  86 108  70  90  94  60  98  30 112  67  92  70  81  41  86
  80 102 106  50  58  10  20  94  20 120
  63  53  53  42  22  641000  50  44  20  70  36  41  50  67  56  22  50  10  78  31  41  50  50  50  28  28  58  50  60  30
  72  50  44  60  10  58  50  53  53  58
  22  20  86  36  70  40  501000  80  53  50  81  14  31  31  41  70  78  50  50  80  72  64  10  89  36  72  30  44  10  58
  41  70  80  14  50  30  44  58  20  94
  81  92  90  50  30  70  44  801000  63 114  22  78  60 106  60  50  90  53 120  50  10  94  76  80  72  60  98  94  89  72
 112  92  80  94  36  70  50  97  72  90
  72  50  36  58  36  78  20  53  631000  58  50  41  64  60  72  22  31  10  67  31  60  31  58  36  20  20  50  36  63  10
  63  30  28  60  30  70  67  36  64  42
  70  30  70  82  92  90  70  50 114  581000 106  41  80  22  90  80  60  64  10  89 108  40  60  80  42  75  20  22  50  53
  14  50  70  41  78  80  91  30  70  80
  90  89  70  60  14  82  36  81  22  50 1061000  75  70 102  72  31  72  42 114  30  28  80  80  60  64  41  94  84  91  58
 108  75  60  94  31  80  63  86  80  70
  36  14  72  41  63  50  41  14  78  41  41  751000  40  28  50  60  64  40  44  70  70  50  22  75  22  60  22  31  22  44
  36  56  66  20  44  41  50  44  31  80
  22  50 100  10  63  14  50  31  60  64  80  70  401000  62  10  72  94  56  81  80  50  84  22  98  53  78  60  70  36  72
  72  89  92  44  44  10  14  82  14 106
  50  14  81  67  89  70  67  31 106  60  22 102  28  621000  72  82  72  63  20  91  98  53  41  90  41  80  10  31  30  60
  10  62  80  20  72  60  75  44  50  92
  28  60 108  14  67  10  56  41  60  72  90  72  50  10  721000  78 102  64  91  86  50  94  31 106  63  84  70  80  44  80
  81  98 100  53  50  14  10  92  22 114
  85  70  40  64  20  86  22  70  50  22  80  31  60  72  82  781000  41  20  89  10  50  50  72  31  41  10  72  58  80  28
  85  44  30  80  28  80  70  56  75  41
  98  67  10  89  60 108  50  78  90  31  60  72  64  94  72 102  411000  41  70  44  90  20  84  22  42  31  63  41  86  22
  70  10  14  80  60 100  98  30  92  20
  67  50  44  50  28  70  10  50  53  10  64  42  40  56  63  64  20  411000  72  30  50  41  53  42  22  22  53  42  60  20
  66  40  36  60  20  64  58  44  58  50
  70  31  80  84 100  90  78  50 120  67  10 114  44  81  20  91  89  70  721000  98 114  50  60  90  50  84  22  31  50  62
  10  60  80  40  84  80  94  40  70  90
  94  80  41  72  22  94  31  80  50  31  89  30  70  80  91  86  10  44  30  981000  53  56  81  30  50  14  81  67  90  36
  94  50  31  90  36  89  78  64  84  40
  72  84  90  41  31  60  41  72  10  60 108  28  70  50  98  50  50  90  50 114  531000  91  67  81  67  60  92  89  80  70
 106  90  80  86  31  60  40  94  63  92
  86  50  30  81  66  98  50  64  94  31  40  80  50  84  53  94  50  20  41  50  56  911000  72  41  31  42  44  22  70  22
  50  10  31  64  60  89  91  10  80  40
  14  30  92  28  70  30  50  10  76  58  60  80  22  22  41  31  72  84  53  60  81  67  721000  94  42  75  40  53  14  64
  50  78  86  22  50  20  36  66  10 100
 108  81  14  92  50 112  50  89  80  36  80  60  75  98  90 106  31  22  42  90  30  81  41  941000  53  22  80  60  97  31
  90  31  10  94  58 106 100  50 100  10
  56  30  50  50  50  67  28  36  72  20  42  64  22  53  41  63  41  42  22  50  50  67  31  42  531000  40  31  22  44  22
  44  36  44  41  36  58  60  30  50  58
  89  70  30  70  30  92  28  72  60  20  75  41  60  78  80  84  10  31  22  84  14  60  42  75  22  401000  70  53  82  22
  82  36  20  80  36  86  78  50  80  31
  50  10  72  63  80  70  58  30  98  50  20  94  22  60  10  70  72  63  53  22  81  92  44  40  80  31  701000  22  31  50
  14  53  70  22  64  60  72  36  50  82
  66  28  50  70  70  81  50  44  94  36  22  84  31  70  31  80  58  41  42  31  67  89  22  53  60  22  53  221000  50  31
  30  31  50  42  58  72  80  14  62  60
  20  22  94  42  80  41  60  10  89  63  50  91  22  36  30  44  80  86  60  50  90  80  70  14  97  44  82  31  501000  66
  40  78  88  10  60  31  50  64  22 102
  78  50  28  67  44  86  30  58  72  10  53  58  44  72  60  80  28  22  20  62  36  70  22  64  31  22  22  50  31  661000
  60  20  22  63  40  78  76  28  70  36
  60  22  80  75  94  80  72  41 112  63  14 108  36  72  10  81  85  70  66  10  94 106  50  50  90  44  82  14  30  40  60
1000  60  80  30  78  70  85  41  60  90
  92  58  20  85  63 102  50  70  92  30  50  75  56  89  62  98  44  10  40  60  50  90  10  78  31  36  36  53  31  78  20
  601000  22  72  60  94  94  20  86  30
 100  72  10  86  50 106  44  80  80  28  70  60  66  92  80 100  30  14  36  80  31  80  31  86  10  44  20  70  50  88  22
  80  221000  85  53  98  94  41  92  14
  30  14  89  50  82  50  60  14  94  60  41  94  20  44  20  53  80  80  60  40  90  86  64  22  94  41  80  22  42  10  63
  30  72  851000  63  41  58  56  31  98
  60  58  63  36  20  58  10  50  36  30  78  31  44  44  72  50  28  60  20  84  36  31  60  50  58  36  36  64  58  60  40
  78  60  53  631000  53  42  63  50  67
  14  50 106  20  72  10  58  30  70  70  80  80  41  10  60  14  80 100  64  80  89  60  89  20 106  58  86  60  72  31  78
  70  94  98  41  531000  22  85  10 113
  36  63 102  10  58  20  50  44  50  67  91  63  50  14  75  10  70  98  58  94  78  40  91  36 100  60  78  72  80  50  76
  85  94  94  58  42  221000  90  28 108
  80  42  40  80  72  94  53  58  97  36  30  86  44  82  44  92  56  30  44  40  64  94  10  66  50  30  50  36  14  64  28
  41  20  41  56  63  85  901000  75  50
  10  40  98  22  70  20  53  20  72  64  70  80  31  14  50  22  75  92  58  70  84  63  80  10 100  50  80  50  62  22  70
  60  86  92  31  50  10  28  751000 106
 114  85  10 100  60 120  58  94  90  42  80  70  80 106  92 114  41  20  50  90  40  92  40 100  10  58  31  82  60 102  36
  90  30  14  98  67 113 108  50 1061000
 824
